

Precision 


0: [0.6904461279461279, 0.7120910698496905, 0.6602564102564102, 0.6774425287356322, 0.6698165340406719, 0.6820105341657066]
1: [0.6536380286380286, 0.6921875, 0.6787964190981433, 0.662805316091954, 0.679059829059829, 0.673297418577591]
2: [0.6660044279969196, 0.6703115117014549, 0.6787964190981433, 0.6875965903602821, 0.6873657951244158, 0.6780149488562432]
3: [0.686235754985755, 0.6703115117014549, 0.6719884431577979, 0.6875965903602821, 0.6873657951244158, 0.6806996190659411]
4: [0.6928449503880538, 0.6620098039215687, 0.6685992607328813, 0.6875965903602821, 0.67282824933687, 0.6767757709479312]
5: [0.6631624423963134, 0.6595588235294119, 0.6629273504273505, 0.6875965903602821, 0.6551078088578088, 0.6656706031142334]
6: [0.6732524574816664, 0.6670974450386216, 0.6369781783681214, 0.6809873949579832, 0.650292994042994, 0.6617216939778773]
7: [0.651369168356998, 0.650653594771242, 0.6403105008581682, 0.6677579519871609, 0.6582847394540943, 0.6536751910855326]
8: [0.6545628700801114, 0.6574786324786326, 0.6725472240178123, 0.6677579519871609, 0.6547671568627451, 0.6614227670852925]
0: [0.6904461279461279, 0.7120910698496905, 0.6602564102564102, 0.6766412466843501, 0.6853816681402888, 0.6849633045753735]
1: [0.6666366041366041, 0.6921875, 0.6804487179487179, 0.662805316091954, 0.6853816681402888, 0.677491961263513]
2: [0.6526115708540625, 0.6795026881720431, 0.6787964190981433, 0.6855698181129215, 0.6959864847795881, 0.6784933962033517]
3: [0.686235754985755, 0.6703115117014549, 0.6719884431577979, 0.6875965903602821, 0.6959864847795881, 0.6824237569969756]
4: [0.6928449503880538, 0.6620098039215687, 0.6685992607328813, 0.6875965903602821, 0.6817384004884005, 0.6785578011782373]
5: [0.6631624423963134, 0.6595588235294119, 0.6629273504273505, 0.6875965903602821, 0.6551078088578088, 0.6656706031142334]
6: [0.6732524574816664, 0.6620098039215687, 0.6369781783681214, 0.6763786416423333, 0.650292994042994, 0.6597824150913368]
7: [0.6581425673717763, 0.6451871657754011, 0.6403105008581682, 0.6763786416423333, 0.6665064102564102, 0.6573050571808178]
8: [0.651369168356998, 0.650653594771242, 0.6818731471368389, 0.6677579519871609, 0.6665064102564102, 0.66363205450173]
0: [0.6958912037037037, 0.7120910698496905, 0.6602564102564102, 0.6738584691170898, 0.7053571428571428, 0.6894908591568074]
1: [0.6776256151256151, 0.6921875, 0.6774425287356322, 0.6692708333333334, 0.6972864300450508, 0.6827625814479263]
2: [0.6526115708540625, 0.6921875, 0.6977106227106227, 0.7072044334975369, 0.6959864847795881, 0.689140122368362]
3: [0.6844551282051282, 0.6741987179487179, 0.6719884431577979, 0.6875965903602821, 0.6959864847795881, 0.6828450728903028]
4: [0.6928449503880538, 0.6620098039215687, 0.6685992607328813, 0.6855698181129215, 0.6817384004884005, 0.6781524467287652]
5: [0.6631624423963134, 0.6595588235294119, 0.6814757954463837, 0.6830357142857143, 0.6628605769230769, 0.6700186705161799]
6: [0.6800258564964448, 0.6620098039215687, 0.6677579519871609, 0.6834599224305107, 0.6580528846153846, 0.6702612838902139]
7: [0.6581425673717763, 0.6451871657754011, 0.6651164739400033, 0.6834599224305107, 0.6665064102564102, 0.6636825079548203]
8: [0.649213995943205, 0.6451871657754011, 0.6818731471368389, 0.6789606227106227, 0.6665064102564102, 0.6643482683644957]
0: [0.694111817095688, 0.7099358974358975, 0.6939814814814815, 0.6938034188034189, 0.7053571428571428, 0.6994379515347258]
1: [0.6776256151256151, 0.697983870967742, 0.6861111111111111, 0.6692708333333334, 0.6972864300450508, 0.6856555721165705]
2: [0.6526115708540625, 0.6921875, 0.6892748828232699, 0.6986111111111111, 0.6853816681402888, 0.6836133465857465]
3: [0.6763492555831265, 0.6854166666666667, 0.6899725274725274, 0.6835856911287945, 0.6959864847795881, 0.6862621251261406]
4: [0.6928449503880538, 0.6595588235294119, 0.6770260989010989, 0.6855698181129215, 0.6817384004884005, 0.6793476182839773]
5: [0.6766203703703704, 0.6595588235294119, 0.6814757954463837, 0.6830357142857143, 0.6628605769230769, 0.6727102561109914]
6: [0.6910643236074271, 0.6595588235294119, 0.6787964190981433, 0.6830357142857143, 0.6660044279969196, 0.6756919417035233]
7: [0.6581425673717763, 0.6451871657754011, 0.6742485455720749, 0.6830357142857143, 0.6749650014736222, 0.6671157988957178]
8: [0.6559873949579832, 0.6451871657754011, 0.6818731471368389, 0.6797619047619047, 0.6749650014736222, 0.6675549228211499]
0: [0.7002946127946128, 0.7319555444555446, 0.6939814814814815, 0.7066239316239317, 0.7033730158730158, 0.7072457172457173]
1: [0.683070690883191, 0.7059966914805624, 0.6957506095437129, 0.6750672043010753, 0.6965996168582376, 0.6912969626133558]
2: [0.6556490384615384, 0.6921875, 0.6892748828232699, 0.6964743589743589, 0.6972864300450508, 0.6861744420608435]
3: [0.6825320512820513, 0.697983870967742, 0.6803571428571428, 0.6835856911287945, 0.6959864847795881, 0.6880890482030637]
4: [0.6928449503880538, 0.6595588235294119, 0.7053571428571429, 0.6855698181129215, 0.6852564102564103, 0.6857174290287882]
5: [0.6766203703703704, 0.6647671568627451, 0.7093253968253969, 0.6830357142857143, 0.6605924317617866, 0.6788682140212027]
6: [0.6910643236074271, 0.6595588235294119, 0.6795977011494253, 0.6834599224305107, 0.6660044279969196, 0.6759370397427389]
7: [0.6581425673717763, 0.6451871657754011, 0.6906135531135531, 0.6830357142857143, 0.6817384004884005, 0.6717434802069691]
8: [0.6559873949579832, 0.6451871657754011, 0.6814489389920424, 0.6797619047619047, 0.6749650014736222, 0.6674700811921908]
0: [0.6985139860139861, 0.738365800865801, 0.6981120731120731, 0.7066239316239317, 0.7108516483516484, 0.7104934879934881]
1: [0.683070690883191, 0.7038461538461538, 0.6829300967232002, 0.7022441160372194, 0.6857632310218518, 0.6915708577023232]
2: [0.6663258616383616, 0.6921875, 0.7069444444444445, 0.697983870967742, 0.6965996168582376, 0.6920082587817571]
3: [0.6629563984402693, 0.697983870967742, 0.7130952380952381, 0.7060897435897436, 0.6972864300450508, 0.6954823362276088]
4: [0.6928449503880538, 0.6687500000000001, 0.7053571428571429, 0.6855698181129215, 0.6852564102564103, 0.6875556643229057]
5: [0.6832295657726692, 0.6795026881720431, 0.7093253968253969, 0.6830357142857143, 0.6665064102564102, 0.6843199550624467]
6: [0.6910643236074271, 0.6595588235294119, 0.6998357963875206, 0.6830357142857143, 0.656389043381535, 0.6779767402383218]
7: [0.6581425673717763, 0.6595588235294119, 0.7028672476948339, 0.6851190476190476, 0.6817384004884005, 0.677485217340694]
8: [0.6559873949579832, 0.6451871657754011, 0.6814489389920424, 0.6863711001642036, 0.6817384004884005, 0.6701466000756061]
0: [0.7224358974358975, 0.7297360248447204, 0.6981120731120731, 0.7079197684036393, 0.7108516483516484, 0.7138110824295957]
1: [0.683070690883191, 0.7038461538461538, 0.70522030651341, 0.6841102445941155, 0.706596564355185, 0.696568792038411]
2: [0.6663258616383616, 0.7179014533853244, 0.7123015873015873, 0.7179014533853244, 0.6965996168582376, 0.702205994513767]
3: [0.6739454094292804, 0.697983870967742, 0.7263528138528138, 0.7041666666666667, 0.6965996168582376, 0.6998096755549481]
4: [0.6945932021363056, 0.6816176470588236, 0.7163461538461539, 0.6966524216524216, 0.6832449160035367, 0.6944908681394483]
5: [0.6945932021363056, 0.6854166666666667, 0.7093253968253969, 0.6934523809523809, 0.67282824933687, 0.691123179183524]
6: [0.6910643236074271, 0.6595588235294119, 0.717857142857143, 0.6830357142857143, 0.656389043381535, 0.6815810095322463]
7: [0.6873180698611733, 0.6595588235294119, 0.7028672476948339, 0.6934523809523809, 0.6817384004884005, 0.6849869845052401]
8: [0.6742954757660641, 0.6451871657754011, 0.6935897435897436, 0.6982758620689655, 0.6817384004884005, 0.6786173295377149]
0: [0.7205128205128206, 0.7391233766233767, 0.7122405372405372, 0.7101679929266136, 0.7108516483516484, 0.7185792751309993]
1: [0.6888670618509328, 0.7235669502910882, 0.7204620092551126, 0.6841102445941155, 0.6985837438423645, 0.7031180019667227]
2: [0.6663258616383616, 0.7157509157509158, 0.7322191697191698, 0.7240842490842492, 0.6965996168582376, 0.7069959626101868]
3: [0.6739454094292804, 0.697983870967742, 0.7179436942367976, 0.7041666666666667, 0.6965996168582376, 0.6981278516317447]
4: [0.7050098688029722, 0.6816176470588236, 0.7072807460738495, 0.6936462324393359, 0.6944628647214854, 0.6964034718192934]
5: [0.6945932021363056, 0.6854166666666667, 0.7051439939370974, 0.6934523809523809, 0.6748550215842306, 0.6906922530553363]
6: [0.7022822723253758, 0.6687500000000001, 0.7238379436655299, 0.6936462324393359, 0.6484375, 0.6873907896860484]
7: [0.6873180698611733, 0.6687500000000001, 0.7123910572186435, 0.6934523809523809, 0.67282824933687, 0.6869479514738135]
8: [0.6742954757660641, 0.6595588235294119, 0.7138278388278388, 0.6982758620689655, 0.6817384004884005, 0.6855392801361362]
0: [0.7288461538461539, 0.7391233766233767, 0.7344357031857032, 0.716941391941392, 0.7088675213675214, 0.7256428293928294]
1: [0.6808542413381123, 0.7235669502910882, 0.7431892819823853, 0.6841102445941155, 0.7053571428571428, 0.7074155722125688]
2: [0.6721222326061036, 0.7038461538461538, 0.7528235653235653, 0.7240842490842492, 0.71651719927582, 0.7138786800271784]
3: [0.6739454094292804, 0.7157509157509158, 0.7250249750249751, 0.7240842490842492, 0.6965996168582376, 0.7070810332295316]
4: [0.7050098688029722, 0.6816176470588236, 0.7196433834364868, 0.7032616170547205, 0.6944628647214854, 0.7007990762148977]
5: [0.6936462324393359, 0.6854166666666667, 0.7051439939370974, 0.6936462324393359, 0.6860576923076923, 0.6927821635580257]
6: [0.7022822723253758, 0.6687500000000001, 0.7238379436655299, 0.6936462324393359, 0.65640633086079, 0.6889845558582064]
7: [0.6873180698611733, 0.6687500000000001, 0.7233800682076544, 0.6936462324393359, 0.67282824933687, 0.6891845239690066]
8: [0.6742954757660641, 0.6687500000000001, 0.7412372110647973, 0.6934523809523809, 0.67282824933687, 0.6901126634240224]
0: [0.7551587301587301, 0.7368085618085618, 0.776923076923077, 0.7320929070929072, 0.7296037296037295, 0.7461174011174011]
1: [0.7249018603857313, 0.7319002836244215, 0.7431892819823853, 0.6841102445941155, 0.7181267806267806, 0.7204456902426868]
2: [0.6793973648812358, 0.7038461538461538, 0.7431892819823853, 0.7334406972338007, 0.6982905982905983, 0.7116328192468349]
3: [0.6739454094292804, 0.7157509157509158, 0.7250249750249751, 0.719704433497537, 0.6965996168582376, 0.7062050701121892]
4: [0.6776167381006091, 0.6899193548387097, 0.7196433834364868, 0.719704433497537, 0.6944628647214854, 0.7002693549189656]
5: [0.6852564102564103, 0.6958333333333333, 0.7051439939370974, 0.7138843276774312, 0.6944628647214854, 0.6989161859851516]
6: [0.6929487179487179, 0.6739583333333333, 0.7293324491600354, 0.6936462324393359, 0.65640633086079, 0.6892584127484425]
7: [0.6873180698611733, 0.6739583333333333, 0.7233800682076544, 0.6936462324393359, 0.6748550215842306, 0.6906315450851455]
8: [0.6853339428770463, 0.6687500000000001, 0.7412372110647973, 0.6936462324393359, 0.6748550215842306, 0.692764481593082]
0: [0.7482905982905983, 0.7368085618085618, 0.776923076923077, 0.7336080586080587, 0.7301048951048951, 0.7451470381470382]
1: [0.7443463048301757, 0.7250321517562897, 0.7431892819823853, 0.6841102445941155, 0.7313843563843563, 0.7256124679094645]
2: [0.6788457491582491, 0.7235669502910882, 0.7431892819823853, 0.7163419913419915, 0.7206450956450956, 0.716517813683762]
3: [0.7131645236483946, 0.7258658008658008, 0.7643304970891178, 0.719704433497537, 0.71651719927582, 0.727916490875334]
4: [0.6904372509211218, 0.7098369372562922, 0.7387978400909435, 0.719704433497537, 0.6944628647214854, 0.7106478652974759]
5: [0.6966200466200466, 0.6958333333333333, 0.7145604395604396, 0.7138843276774312, 0.6944628647214854, 0.7030722023825472]
6: [0.6929487179487179, 0.684375, 0.7293324491600354, 0.6936462324393359, 0.6634469696969697, 0.6927498738490118]
7: [0.6863711001642036, 0.671875, 0.7214569912845775, 0.6936462324393359, 0.6748550215842306, 0.6896408690944694]
8: [0.6853339428770463, 0.6687500000000001, 0.737230800808387, 0.6936462324393359, 0.6748550215842306, 0.6919631995418]
0: [0.753052503052503, 0.7813492063492063, 0.7841982091982092, 0.7336080586080587, 0.7301048951048951, 0.7564625744625745]
1: [0.7443463048301757, 0.7326079093320472, 0.7214285714285714, 0.6902930402930404, 0.7313843563843563, 0.7240120364536382]
2: [0.704224537037037, 0.721483616957755, 0.7431892819823853, 0.7163419913419915, 0.7126322751322751, 0.7195743404902888]
3: [0.7131645236483946, 0.7258658008658008, 0.7447492163009404, 0.719704433497537, 0.7152777777777778, 0.72375235041809]
4: [0.6904372509211218, 0.7304413328606877, 0.7458791208791209, 0.719704433497537, 0.7012362637362637, 0.7175396803789462]
5: [0.6966200466200466, 0.7363553113553113, 0.7317078754578754, 0.7138843276774312, 0.6944628647214854, 0.71460608516643]
6: [0.7041666666666667, 0.7042925824175825, 0.7412372110647973, 0.7138843276774312, 0.6634469696969697, 0.7054055515046895]
7: [0.6843869731800766, 0.6903044871794871, 0.7214569912845775, 0.7138843276774312, 0.67282824933687, 0.6965722057316885]
8: [0.6843869731800766, 0.6923878205128206, 0.7389393215480172, 0.6936462324393359, 0.67282824933687, 0.696437719403424]
0: [0.7621104740669957, 0.7975961538461539, 0.822037037037037, 0.740883190883191, 0.7301048951048951, 0.7705463501876546]
1: [0.7505291005291005, 0.7257897275138654, 0.7422619047619048, 0.6902930402930404, 0.7296037296037295, 0.727695500540328]
2: [0.7445023148148148, 0.721483616957755, 0.7431892819823853, 0.7163419913419915, 0.7258898508898508, 0.7302814111973595]
3: [0.7290736145574854, 0.7235669502910882, 0.7447492163009404, 0.719704433497537, 0.7318121693121693, 0.7297812767918441]
4: [0.6904372509211218, 0.7199518223711772, 0.7582417582417582, 0.719704433497537, 0.7211538461538463, 0.7218978222370881]
5: [0.6776167381006091, 0.7523809523809524, 0.7386044271820134, 0.7234081372012406, 0.7077204404790611, 0.7199461390687754]
6: [0.7160714285714287, 0.7248969780219781, 0.759918529746116, 0.7138843276774312, 0.6875, 0.7204542528033908]
7: [0.6962917350848385, 0.7022092490842491, 0.7406877605153468, 0.7138843276774312, 0.6973037738123945, 0.710075369234852]
8: [0.6962917350848385, 0.6923878205128206, 0.7389393215480172, 0.7138843276774312, 0.6840461980548188, 0.7051098805755853]
0: [0.7689255189255189, 0.8014652014652015, 0.844017094017094, 0.759200421156943, 0.7615384615384615, 0.7870293394206438]
1: [0.7505291005291005, 0.7306318681318682, 0.7477564102564103, 0.6902930402930404, 0.7276806526806526, 0.7293782143782145]
2: [0.7502986857825567, 0.730088689421523, 0.7401515151515152, 0.7163419913419915, 0.7313843563843563, 0.7336530476163885]
3: [0.7290736145574854, 0.7417487684729065, 0.7447492163009404, 0.7011904761904763, 0.7258898508898508, 0.7285303852823318]
4: [0.6982784837623547, 0.7199518223711772, 0.738660477453581, 0.719704433497537, 0.7618131868131868, 0.7276816807795673]
5: [0.6904372509211218, 0.7523809523809524, 0.7547360248447205, 0.7234081372012406, 0.7144938394938395, 0.727091240968375]
6: [0.7160714285714287, 0.7248969780219781, 0.7578351964127826, 0.7138843276774312, 0.6938218390804597, 0.721301953952816]
7: [0.6962917350848385, 0.7228136446886446, 0.7403129479216435, 0.7138843276774312, 0.6973037738123945, 0.7141212858369904]
8: [0.6962917350848385, 0.6903044871794871, 0.7595437171524128, 0.7138843276774312, 0.6840461980548188, 0.7088140930297977]
0: [0.7867183985605037, 0.8306277056277057, 0.8856837606837606, 0.7786448656013873, 0.8088888888888889, 0.8181127238724493]
1: [0.7514957264957265, 0.7306318681318682, 0.7712977475908511, 0.6973474801061008, 0.7357575757575757, 0.7373060796164245]
2: [0.7502986857825567, 0.7394760412001791, 0.7396505376344086, 0.7163419913419915, 0.7313843563843563, 0.7354303224686983]
3: [0.7549283154121864, 0.7417487684729065, 0.7515226153157188, 0.7011904761904763, 0.7258898508898508, 0.7350560052562278]
4: [0.6982784837623547, 0.7199518223711772, 0.7607758620689655, 0.719704433497537, 0.7618131868131868, 0.7321047577026443]
5: [0.6885141739980449, 0.7396654351395731, 0.763444170771757, 0.7234081372012406, 0.7221861471861472, 0.7274436128593526]
6: [0.7160714285714287, 0.7304413328606877, 0.7595437171524128, 0.7216275104206139, 0.700595238095238, 0.7256558454200762]
7: [0.6962917350848385, 0.7283579995273544, 0.7403129479216435, 0.7138843276774312, 0.7220695970695971, 0.720183321456173]
8: [0.6962917350848385, 0.7202934833983221, 0.7595437171524128, 0.7138843276774312, 0.7220695970695971, 0.7224165720765203]
0: [0.8191008771929824, 0.8651515151515152, 0.8937606837606837, 0.8093719806763284, 0.8088888888888889, 0.8392547891340797]
1: [0.7627777777777778, 0.739031339031339, 0.7894795657726692, 0.733652841411462, 0.7357575757575757, 0.7521398199501648]
2: [0.7654502009340718, 0.7326079093320472, 0.7396505376344086, 0.7143304970891178, 0.7447552447552448, 0.739358877948978]
3: [0.7549283154121864, 0.7337301587301587, 0.7521885521885523, 0.7011904761904763, 0.7667989417989418, 0.7417672888640631]
4: [0.7547008547008547, 0.7199518223711772, 0.7708333333333333, 0.7011904761904763, 0.771011396011396, 0.7435375765214476]
5: [0.6751420454545455, 0.7396654351395731, 0.7564102564102564, 0.7216275104206139, 0.7554029304029304, 0.7296496355655838]
6: [0.697983870967742, 0.7199518223711772, 0.7595437171524128, 0.7216275104206139, 0.7215909090909091, 0.724139566000571]
7: [0.6962917350848385, 0.736050307219662, 0.7403129479216435, 0.7234081372012406, 0.733974358974359, 0.7260074972803487]
8: [0.6962917350848385, 0.7363191244239632, 0.7595437171524128, 0.7138843276774312, 0.7220695970695971, 0.7256217002816486]
0: [0.8191008771929824, 0.8623737373737375, 0.9113888888888888, 0.8093719806763284, 0.8414553140096618, 0.8487381596283198]
1: [0.7693869731800765, 0.7556980056980056, 0.8222527472527473, 0.7462791040377247, 0.7281818181818182, 0.7643597296700745]
2: [0.7654502009340718, 0.7241663508904888, 0.7396505376344086, 0.7226638304224511, 0.7785897435897435, 0.7461041326942327]
3: [0.7549283154121864, 0.7337301587301587, 0.7585057564896274, 0.7011904761904763, 0.7703703703703704, 0.7437450154385639]
4: [0.7471250971250971, 0.7154491341991343, 0.7885536398467433, 0.7011904761904763, 0.7714285714285714, 0.7447493837580045]
5: [0.690701486013986, 0.7396654351395731, 0.7564102564102564, 0.7031135531135532, 0.7554029304029304, 0.7290587322160598]
6: [0.6828614933453643, 0.7199518223711772, 0.7648951048951049, 0.7216275104206139, 0.7498473748473748, 0.727836661175927]
7: [0.7151340039271075, 0.7336309523809523, 0.7403129479216435, 0.7216275104206139, 0.7416666666666667, 0.7304744162633968]
8: [0.6962917350848385, 0.7336309523809523, 0.7595437171524128, 0.7138843276774312, 0.7220695970695971, 0.7250840658730464]
0: [0.8191008771929824, 0.8607397504456329, 0.9113888888888888, 0.8197474747474747, 0.8657608695652174, 0.8553475721680392]
1: [0.785218253968254, 0.7611865258924082, 0.8295278795278795, 0.7603276353276354, 0.7615384615384615, 0.7795597512509277]
2: [0.7654502009340718, 0.7241663508904888, 0.7815877670716381, 0.7208522362195526, 0.7785897435897435, 0.754129259741099]
3: [0.7611111111111111, 0.7337301587301587, 0.7852914707753417, 0.6991789819376025, 0.7685897435897435, 0.7495802932287916]
4: [0.7471250971250971, 0.721483616957755, 0.7885536398467433, 0.7011904761904763, 0.7787037037037037, 0.7474113067647551]
5: [0.7214978569817279, 0.7396654351395731, 0.7741305629236663, 0.7011904761904763, 0.7554029304029304, 0.7383774523276748]
6: [0.6828614933453643, 0.7199518223711772, 0.7793181818181818, 0.7216275104206139, 0.7498473748473748, 0.7307212765605424]
7: [0.7151340039271075, 0.7336309523809523, 0.7580769230769231, 0.7216275104206139, 0.7646011396011395, 0.7386141058813472]
8: [0.703770367563471, 0.7336309523809523, 0.7547360248447205, 0.7234081372012406, 0.7340909090909091, 0.7299272782162587]
0: [0.8160049019607842, 0.8927083333333334, 0.9218559218559218, 0.8440530303030302, 0.9053442028985508, 0.8759932780703241]
1: [0.8190346790890268, 0.7611865258924082, 0.8517501017501018, 0.7603276353276354, 0.7962626262626262, 0.7977123136643597]
2: [0.7664667769506479, 0.7199175824175825, 0.8059523809523811, 0.7530825856912813, 0.7785897435897435, 0.7648018139203273]
3: [0.7627777777777778, 0.7420634920634921, 0.7951423576423576, 0.7075123152709358, 0.7769230769230768, 0.756883803935528]
4: [0.753734292527396, 0.721483616957755, 0.802713091506195, 0.7011904761904763, 0.7685897435897435, 0.7495422441543131]
5: [0.7214978569817279, 0.7372023809523809, 0.7741305629236663, 0.7011904761904763, 0.7381400208986415, 0.7344322595893786]
6: [0.7082402812241522, 0.717868489037844, 0.7919444444444445, 0.7031135531135532, 0.7663817663817664, 0.737509706840352]
7: [0.6828614933453643, 0.7336309523809523, 0.801826923076923, 0.7216275104206139, 0.7646011396011395, 0.7409096037649986]
8: [0.7175066312997347, 0.7336309523809523, 0.7552288563859391, 0.7216275104206139, 0.7554029304029304, 0.736679376178034]
0: [0.822215909090909, 0.8927083333333334, 0.9218559218559218, 0.8955952380952381, 0.9053442028985508, 0.8875439210547906]
1: [0.826640499194847, 0.7833333333333333, 0.8786375661375662, 0.8023349436392914, 0.8227053140096618, 0.8227303312629399]
2: [0.77772030651341, 0.7556980056980056, 0.8316770186335404, 0.7475270301357257, 0.7973397435897436, 0.781992420914085]
3: [0.7607662835249042, 0.7441770186335404, 0.7993090243090243, 0.7294372294372296, 0.7769230769230768, 0.762122526565555]
4: [0.7518870018870019, 0.721483616957755, 0.8008658008658008, 0.7143304970891178, 0.7769230769230768, 0.7530979987445504]
5: [0.7214978569817279, 0.7372023809523809, 0.775, 0.7011904761904763, 0.7468364968364969, 0.7363454421922164]
6: [0.7409423014261723, 0.736050307219662, 0.7785483870967742, 0.7011904761904763, 0.7663817663817664, 0.7446226476629703]
7: [0.7276847256685967, 0.7336309523809523, 0.7909110244594116, 0.7031135531135532, 0.7646011396011395, 0.7439882790447306]
8: [0.71745337995338, 0.7267628205128205, 0.769403087951475, 0.7216275104206139, 0.7646011396011395, 0.7399695876878858]
0: [0.8195075757575758, 0.900284090909091, 0.9218559218559218, 0.8955952380952381, 0.9053442028985508, 0.8885174059032754]
1: [0.826640499194847, 0.8041666666666667, 0.8881072631072632, 0.8256523569023568, 0.8727053140096618, 0.8434544199761591]
2: [0.825462962962963, 0.7501424501424501, 0.8607957925799005, 0.7796673435260392, 0.8383838383838383, 0.8108904775190382]
3: [0.7690996168582376, 0.7331811706811707, 0.8241000378931415, 0.7476190476190476, 0.7991452991452991, 0.7746290344393792]
4: [0.7591621341621341, 0.7146654351395731, 0.8365800865800865, 0.7226638304224511, 0.7769230769230768, 0.7619989126454644]
5: [0.7214978569817279, 0.7372023809523809, 0.7797619047619048, 0.7143304970891178, 0.7694444444444444, 0.7444474168459151]
6: [0.7409423014261723, 0.736050307219662, 0.7766666666666666, 0.7163419913419915, 0.7486171236171235, 0.7437236780543232]
7: [0.7276847256685967, 0.7336309523809523, 0.8053341013824885, 0.7031135531135532, 0.7646011396011395, 0.746872894429346]
8: [0.7338675213675214, 0.7267628205128205, 0.7641253101736973, 0.7031135531135532, 0.7646011396011395, 0.7384940689537464]
0: [0.8183170995670996, 0.9396135265700483, 0.9218559218559218, 0.8955952380952381, 0.9043560606060606, 0.8959475693388737]
1: [0.8242278554778555, 0.8041666666666667, 0.9226851851851852, 0.8364748677248677, 0.8810386473429952, 0.8537186444795142]
2: [0.8431647157190636, 0.7943910256410256, 0.8607957925799005, 0.7881288819875776, 0.861013986013986, 0.8294988803883105]
3: [0.7931457431457432, 0.774040959040959, 0.8313115763546798, 0.7753048079135035, 0.8269230769230769, 0.8001452326755925]
4: [0.7894444444444444, 0.7164023757352094, 0.8365800865800865, 0.7476190476190476, 0.7991452991452991, 0.7778382507048174]
5: [0.7214978569817279, 0.7316468253968254, 0.7797619047619048, 0.7615079365079366, 0.7694444444444444, 0.7527717936185677]
6: [0.7387917637917637, 0.7396654351395731, 0.7766666666666666, 0.7325123152709359, 0.7466329966329965, 0.7468538355003871]
7: [0.7489057239057239, 0.7267628205128205, 0.8457758620689655, 0.7364468864468865, 0.763034188034188, 0.7641850961937169]
8: [0.7338675213675214, 0.7267628205128205, 0.7641253101736973, 0.7182650682650684, 0.7646011396011395, 0.7415243719840494]
0: [0.8374242424242424, 0.9396135265700483, 0.9218559218559218, 0.88991341991342, 0.901462215320911, 0.8980538652169088]
1: [0.8316071428571429, 0.8734848484848485, 0.9220272904483431, 0.8350503663003662, 0.8810386473429952, 0.8686416590867392]
2: [0.8431647157190636, 0.7943910256410256, 0.8780663780663781, 0.8528079710144927, 0.861013986013986, 0.8458888152909892]
3: [0.8325611888111888, 0.802012987012987, 0.8606150793650794, 0.8030825856912813, 0.8383838383838383, 0.827331135852875]
4: [0.7894444444444444, 0.7233266733266734, 0.8724537037037037, 0.7771164021164021, 0.7972524154589372, 0.7919187278100321]
5: [0.7337460815047021, 0.7316468253968254, 0.8065476190476191, 0.7698412698412699, 0.7916666666666666, 0.7666896924914165]
6: [0.7468686868686868, 0.7202973032714413, 0.7693181818181818, 0.7325123152709359, 0.7711111111111111, 0.7480215196680714]
7: [0.7468942296528502, 0.7267628205128205, 0.8439285714285714, 0.7325123152709359, 0.763034188034188, 0.7626264249798732]
8: [0.7318560271146478, 0.7267628205128205, 0.7641253101736973, 0.7182650682650684, 0.7788461538461539, 0.7439710759824776]
0: [0.8374242424242424, 0.9396135265700483, 0.9303174603174603, 0.9018181818181819, 0.9127717391304347, 0.9043890300520735]
1: [0.8353409090909091, 0.8722943722943723, 0.9220272904483431, 0.8657051282051281, 0.9053442028985508, 0.8801423805874606]
2: [0.8420108695652173, 0.8232600732600732, 0.8757936507936508, 0.86133069828722, 0.8791958041958041, 0.8563182192203931]
3: [0.83875, 0.828816111424807, 0.8606150793650794, 0.8237179487179487, 0.861013986013986, 0.8425826251043642]
4: [0.8625, 0.8031446713511932, 0.8789297658862876, 0.7736441798941799, 0.8383838383838383, 0.8313204911030999]
5: [0.7405194805194806, 0.7430245881332838, 0.8513198757763976, 0.7771164021164021, 0.7903079710144927, 0.7804576635120113]
6: [0.7531905259491466, 0.7393518518518518, 0.7693181818181818, 0.7630678708264914, 0.7916666666666666, 0.7633190194224675]
7: [0.7468942296528502, 0.721207264957265, 0.8439285714285714, 0.7303571428571429, 0.7916666666666666, 0.7668107751124992]
8: [0.7468942296528502, 0.7267628205128205, 0.7602320954907162, 0.7248015873015872, 0.763034188034188, 0.7443449841984324]
0: [0.8374242424242424, 0.9396135265700483, 0.9422222222222222, 0.9018181818181819, 0.9127717391304347, 0.9067699824330259]
1: [0.8512500000000001, 0.8904761904761904, 0.9220272904483431, 0.8657051282051281, 0.9043560606060606, 0.8867629339471446]
2: [0.8410227272727273, 0.8397435897435898, 0.9220272904483431, 0.8735119047619048, 0.8856060606060606, 0.872382314566525]
3: [0.8374342105263157, 0.8276256352343309, 0.9216369379412858, 0.8295707915273133, 0.861013986013986, 0.8554563122486464]
4: [0.8696640316205533, 0.8031446713511932, 0.9011519881085098, 0.7796673435260392, 0.8447802197802198, 0.8396816508773031]
5: [0.8002946127946128, 0.8018693263258481, 0.8638198757763975, 0.7718635531135531, 0.8314393939393939, 0.813857352389961]
6: [0.7687139249639249, 0.7368589743589743, 0.7961038961038961, 0.7678571428571429, 0.7881944444444444, 0.7715456765456764]
7: [0.7615023865023864, 0.731441570881226, 0.860974025974026, 0.7609126984126985, 0.7881944444444444, 0.7806050252429563]
8: [0.7547289874876081, 0.736111111111111, 0.7602320954907162, 0.7248015873015872, 0.7916666666666666, 0.7535080896115378]
0: [0.8520833333333334, 0.9396135265700483, 0.8896135265700482, 0.9005681818181819, 0.9252717391304348, 0.9014300614844093]
1: [0.85, 0.9099999999999999, 0.9294871794871795, 0.8893181818181819, 0.9043560606060606, 0.8966322843822845]
2: [0.8604671717171717, 0.8474358974358974, 0.9302181736392262, 0.8729166666666667, 0.8777777777777778, 0.8777631374473479]
3: [0.8374342105263157, 0.8714114832535885, 0.9206487956487956, 0.8485101854667072, 0.8690909090909091, 0.8694191167972634]
4: [0.8685817805383023, 0.8122481684981685, 0.9461904761904762, 0.7909294871794872, 0.861013986013986, 0.855792779684084]
5: [0.8320108695652173, 0.8091770186335404, 0.9031986531986531, 0.7799404761904762, 0.8303571428571428, 0.8309368320890058]
6: [0.8098054823598302, 0.7887962037962039, 0.8233436853002071, 0.7718635531135531, 0.8215579710144927, 0.8030733791168576]
7: [0.785807942057942, 0.7286706349206349, 0.869724025974026, 0.7678571428571429, 0.7903079710144927, 0.7884735433648477]
8: [0.7615023865023864, 0.7335249042145594, 0.7670054945054945, 0.7322802197802198, 0.7881944444444444, 0.756501489889421]
0: [0.89375, 0.9396135265700483, 0.936141304347826, 0.8992094861660078, 0.9252717391304348, 0.9187972112428634]
1: [0.86375, 0.9099999999999999, 0.9283333333333333, 0.8893181818181819, 0.9151785714285714, 0.9013160173160173]
2: [0.8712896825396825, 0.8474358974358974, 0.9286701860231272, 0.8707107843137255, 0.8777777777777778, 0.8791768656180421]
3: [0.8486111111111111, 0.8895933014354067, 0.9592490842490842, 0.8485101854667072, 0.8861904761904762, 0.8864308316905571]
4: [0.8673913043478261, 0.8052776171197223, 0.9461904761904762, 0.8082022144522145, 0.8690909090909091, 0.8592305042402296]
5: [0.86, 0.8114118671183889, 0.9377289377289377, 0.7909294871794872, 0.8373015873015873, 0.8474743758656802]
6: [0.8224537037037036, 0.7961038961038961, 0.8592563837129055, 0.7799404761904762, 0.8215579710144927, 0.8158624861450949]
7: [0.8015446127946128, 0.7915938228438228, 0.869724025974026, 0.7718635531135531, 0.8314393939393939, 0.8132330817330816]
8: [0.8015446127946128, 0.7486764193660745, 0.8169642857142857, 0.7443480640632065, 0.8215579710144927, 0.7866182705905345]
0: [0.9103535353535354, 0.9396135265700483, 0.936141304347826, 0.9381313131313131, 0.9252717391304348, 0.9299022837066315]
1: [0.8831944444444444, 0.9099999999999999, 0.9422222222222222, 0.9018181818181819, 0.9133669772256728, 0.9101203651421044]
2: [0.8955952380952381, 0.8918181818181818, 0.9286701860231272, 0.8707107843137255, 0.8777777777777778, 0.8929144336056101]
3: [0.8618551587301587, 0.8895933014354067, 0.9580952380952381, 0.8729166666666667, 0.885, 0.893492072985494]
4: [0.8673913043478261, 0.8681286549707602, 0.9450000000000001, 0.8210227272727273, 0.8651515151515152, 0.8733388403485659]
5: [0.86, 0.8559253246753247, 0.9461904761904762, 0.7892628205128205, 0.8524531024531025, 0.8607663447663448]
6: [0.8211379142300195, 0.8127705627705627, 0.8664021164021164, 0.7925961538461539, 0.8285024154589372, 0.8242818325415578]
7: [0.8098054823598302, 0.7961875081440298, 0.905976430976431, 0.7905369087434304, 0.8373015873015873, 0.8279615835050617]
8: [0.8098054823598302, 0.7848274410774412, 0.8565076228119706, 0.7441770186335404, 0.8383838383838383, 0.8067402806533241]
0: [0.9103535353535354, 0.9396135265700483, 0.9285714285714286, 0.9381313131313131, 0.9252717391304348, 0.9283883085513519]
1: [0.8787301587301587, 0.9409722222222222, 0.97, 0.9005681818181819, 0.9252717391304348, 0.9231084603801994]
2: [0.9086538461538461, 0.9083333333333334, 0.9552941176470588, 0.8697916666666666, 0.9131944444444444, 0.9110534816490699]
3: [0.8604964630779848, 0.9020202020202019, 0.9575, 0.8722587719298245, 0.8820175438596491, 0.894858596177532]
4: [0.8785024154589371, 0.8681286549707602, 0.9568421052631579, 0.8729166666666667, 0.8805555555555555, 0.8913890795830156]
5: [0.8586842105263157, 0.8645833333333333, 0.9436842105263158, 0.8082022144522145, 0.8655023923444976, 0.8681312722365353]
6: [0.8274342105263157, 0.8416666666666666, 0.9377289377289377, 0.8015259197324415, 0.8450126262626263, 0.8506736721833976]
7: [0.8088173400673401, 0.8099296536796537, 0.9127289377289377, 0.8028846153846154, 0.8435897435897436, 0.8355900580900582]
8: [0.8088173400673401, 0.7871295371295371, 0.87989417989418, 0.8112408424908425, 0.8458624708624708, 0.826588874088874]
0: [0.9087301587301587, 0.9365079365079365, 0.975, 0.9472222222222222, 0.9330357142857143, 0.9400992063492064]
1: [0.8727777777777778, 0.9409722222222222, 0.96875, 0.9005681818181819, 0.9346590909090909, 0.9235454545454544]
2: [0.9030357142857143, 0.9083333333333334, 0.97, 0.8854166666666666, 0.936141304347826, 0.920585403726708]
3: [0.9131944444444444, 0.9020202020202019, 0.9575, 0.8722587719298245, 0.8888888888888888, 0.9067724614566719]
4: [0.8979468599033816, 0.8650326797385621, 0.9561111111111111, 0.8722587719298245, 0.8805555555555555, 0.8943809956476869]
5: [0.8798611111111111, 0.8645833333333333, 0.9552941176470588, 0.8335119047619047, 0.8836842105263158, 0.8833869354759447]
6: [0.8398611111111112, 0.861111111111111, 0.9365384615384615, 0.8222298534798534, 0.862002128306476, 0.8643485331094027]
7: [0.8034481965403018, 0.8456439393939394, 0.9461904761904762, 0.7984203296703297, 0.8767586580086579, 0.8540923199607409]
8: [0.8065446127946128, 0.839209486166008, 0.9087606837606838, 0.8098821468386685, 0.8528571428571429, 0.8434508144834233]
0: [0.9285714285714286, 0.9327485380116959, 0.9736842105263158, 0.9409722222222222, 0.975, 0.9501952798663325]
1: [0.8715277777777778, 0.9396135265700483, 0.9659090909090909, 0.9005681818181819, 0.9449404761904762, 0.9245118106531149]
2: [0.9017857142857143, 0.9173913043478261, 0.97, 0.8854166666666666, 0.936141304347826, 0.9221469979296065]
3: [0.9131944444444444, 0.936141304347826, 0.9575, 0.8858622994652406, 0.9222524154589372, 0.9229900927432896]
4: [0.9375, 0.9226190476190477, 0.9561111111111111, 0.8874102870813396, 0.902685421994885, 0.9212651735612767]
5: [0.9144444444444444, 0.8645833333333333, 0.9552941176470588, 0.8329166666666666, 0.8822222222222222, 0.889892156862745]
6: [0.895, 0.8673611111111111, 0.9476495726495726, 0.8329166666666666, 0.8781135531135531, 0.8842081807081807]
7: [0.8158750971250971, 0.8701388888888888, 0.9450000000000001, 0.8305860805860805, 0.8755681818181817, 0.8674336496836496]
8: [0.8052288233209286, 0.8772727272727272, 0.9337606837606838, 0.8098821468386685, 0.868008658008658, 0.8588306078403332]


Recall


0: [0.7776515151515151, 0.7784848484848486, 0.704090909090909, 0.8131060606060606, 0.7476515151515151, 0.7641969696969697]
1: [0.7676515151515151, 0.8031060606060607, 0.8231060606060606, 0.8131060606060606, 0.8031060606060606, 0.8020151515151515]
2: [0.8231060606060606, 0.7931060606060607, 0.8231060606060606, 0.8231060606060606, 0.8131060606060606, 0.8151060606060607]
3: [0.8231060606060606, 0.7931060606060607, 0.8131060606060606, 0.8231060606060606, 0.8131060606060606, 0.8131060606060606]
4: [0.8231060606060606, 0.8031060606060607, 0.7903787878787879, 0.8231060606060606, 0.7931060606060607, 0.8065606060606061]
5: [0.8022727272727272, 0.7931060606060607, 0.7931060606060606, 0.8231060606060606, 0.7931060606060607, 0.800939393939394]
6: [0.8031060606060606, 0.8031060606060607, 0.7822727272727272, 0.8231060606060606, 0.8031060606060607, 0.8029393939393941]
7: [0.7922727272727272, 0.7722727272727273, 0.7495454545454545, 0.8131060606060606, 0.7831060606060607, 0.782060606060606]
8: [0.7922727272727272, 0.7822727272727272, 0.8031060606060606, 0.8131060606060606, 0.7831060606060607, 0.7947727272727272]
0: [0.7776515151515151, 0.7784848484848486, 0.704090909090909, 0.8131060606060606, 0.7576515151515151, 0.7661969696969697]
1: [0.7776515151515151, 0.8031060606060607, 0.8131060606060606, 0.8131060606060606, 0.8031060606060606, 0.8020151515151515]
2: [0.7776515151515151, 0.7931060606060607, 0.8231060606060606, 0.8231060606060606, 0.8231060606060606, 0.8080151515151515]
3: [0.8231060606060606, 0.7931060606060607, 0.8131060606060606, 0.8231060606060606, 0.8231060606060606, 0.8151060606060605]
4: [0.8231060606060606, 0.8031060606060607, 0.7903787878787879, 0.8231060606060606, 0.8031060606060606, 0.8085606060606061]
5: [0.8022727272727272, 0.7931060606060607, 0.7931060606060606, 0.8231060606060606, 0.7931060606060607, 0.800939393939394]
6: [0.8031060606060606, 0.8031060606060607, 0.7822727272727272, 0.8231060606060606, 0.8031060606060607, 0.8029393939393941]
7: [0.7922727272727272, 0.7722727272727273, 0.7495454545454545, 0.8231060606060606, 0.7931060606060607, 0.7860606060606061]
8: [0.7922727272727272, 0.7722727272727273, 0.8131060606060606, 0.8131060606060606, 0.7931060606060607, 0.7967727272727272]
0: [0.7776515151515151, 0.7784848484848486, 0.704090909090909, 0.7784848484848486, 0.7676515151515151, 0.7612727272727273]
1: [0.7776515151515151, 0.8031060606060607, 0.7922727272727272, 0.8131060606060606, 0.8031060606060606, 0.7978484848484848]
2: [0.7776515151515151, 0.8031060606060607, 0.8331060606060606, 0.8231060606060606, 0.8231060606060606, 0.8120151515151516]
3: [0.8131060606060606, 0.7931060606060607, 0.8131060606060606, 0.8231060606060606, 0.8231060606060606, 0.8131060606060606]
4: [0.8231060606060606, 0.8031060606060607, 0.7903787878787879, 0.8231060606060606, 0.8031060606060606, 0.8085606060606061]
5: [0.8022727272727272, 0.7931060606060607, 0.8131060606060606, 0.8231060606060606, 0.8031060606060607, 0.8069393939393941]
6: [0.8031060606060606, 0.8031060606060607, 0.8131060606060606, 0.8231060606060606, 0.8131060606060606, 0.8111060606060606]
7: [0.7922727272727272, 0.7722727272727273, 0.7803787878787879, 0.8231060606060606, 0.7931060606060607, 0.7922272727272727]
8: [0.7822727272727272, 0.7722727272727273, 0.8131060606060606, 0.8231060606060606, 0.7931060606060607, 0.7967727272727274]
0: [0.7549242424242424, 0.7684848484848485, 0.7121969696969697, 0.7884848484848486, 0.7676515151515151, 0.7583484848484848]
1: [0.7776515151515151, 0.8031060606060607, 0.8022727272727272, 0.8131060606060606, 0.8031060606060606, 0.7998484848484848]
2: [0.7776515151515151, 0.8031060606060607, 0.8231060606060606, 0.8131060606060606, 0.8031060606060606, 0.8040151515151515]
3: [0.8031060606060607, 0.7931060606060607, 0.8231060606060606, 0.8131060606060606, 0.8231060606060606, 0.8111060606060606]
4: [0.8231060606060606, 0.7931060606060607, 0.8003787878787879, 0.8231060606060606, 0.8031060606060606, 0.8085606060606061]
5: [0.8022727272727272, 0.7931060606060607, 0.8131060606060606, 0.8231060606060606, 0.8031060606060607, 0.8069393939393941]
6: [0.8131060606060606, 0.7931060606060607, 0.8231060606060606, 0.8231060606060606, 0.8231060606060606, 0.8151060606060607]
7: [0.7922727272727272, 0.7722727272727273, 0.7903787878787879, 0.8231060606060606, 0.8031060606060606, 0.7962272727272728]
8: [0.7822727272727272, 0.7722727272727273, 0.8131060606060606, 0.8231060606060606, 0.8031060606060606, 0.7987727272727273]
0: [0.7549242424242424, 0.7893181818181818, 0.7121969696969697, 0.7884848484848486, 0.7576515151515151, 0.7605151515151516]
1: [0.7776515151515151, 0.7784848484848486, 0.7922727272727272, 0.8131060606060606, 0.8031060606060606, 0.7929242424242424]
2: [0.7676515151515151, 0.8031060606060607, 0.8231060606060606, 0.8031060606060607, 0.8031060606060606, 0.8000151515151515]
3: [0.8031060606060607, 0.8031060606060607, 0.8022727272727272, 0.8131060606060606, 0.8231060606060606, 0.808939393939394]
4: [0.8231060606060606, 0.7931060606060607, 0.8212121212121213, 0.8231060606060606, 0.8031060606060607, 0.8127272727272729]
5: [0.8022727272727272, 0.7931060606060607, 0.833939393939394, 0.8231060606060606, 0.7931060606060607, 0.8091060606060607]
6: [0.8131060606060606, 0.7931060606060607, 0.8231060606060606, 0.8231060606060606, 0.8231060606060606, 0.8151060606060607]
7: [0.7922727272727272, 0.7722727272727273, 0.8112121212121213, 0.8231060606060606, 0.8031060606060606, 0.8003939393939394]
8: [0.7822727272727272, 0.7722727272727273, 0.8131060606060606, 0.8231060606060606, 0.8031060606060606, 0.7987727272727273]
0: [0.7449242424242424, 0.7793181818181818, 0.699469696969697, 0.7884848484848486, 0.7576515151515151, 0.753969696969697]
1: [0.7776515151515151, 0.7684848484848485, 0.7468181818181818, 0.833939393939394, 0.7676515151515151, 0.7789090909090909]
2: [0.7568181818181818, 0.8031060606060607, 0.8231060606060606, 0.8031060606060607, 0.8031060606060606, 0.7978484848484849]
3: [0.7576515151515153, 0.8031060606060607, 0.8231060606060606, 0.8131060606060606, 0.8031060606060606, 0.8000151515151515]
4: [0.8231060606060606, 0.7931060606060607, 0.8212121212121213, 0.8231060606060606, 0.8031060606060607, 0.8127272727272729]
5: [0.8022727272727272, 0.7931060606060607, 0.833939393939394, 0.8231060606060606, 0.7931060606060607, 0.8091060606060607]
6: [0.8131060606060606, 0.7931060606060607, 0.843939393939394, 0.8231060606060606, 0.8022727272727272, 0.8151060606060607]
7: [0.7922727272727272, 0.7931060606060607, 0.8212121212121212, 0.8231060606060606, 0.8031060606060606, 0.8065606060606061]
8: [0.7822727272727272, 0.7722727272727273, 0.8131060606060606, 0.8231060606060606, 0.8031060606060606, 0.7987727272727273]
0: [0.7657575757575757, 0.7465909090909091, 0.699469696969697, 0.7884848484848486, 0.7576515151515151, 0.7515909090909091]
1: [0.7776515151515151, 0.7684848484848485, 0.7676515151515151, 0.7884848484848486, 0.7884848484848486, 0.7781515151515151]
2: [0.7568181818181818, 0.823939393939394, 0.8131060606060606, 0.823939393939394, 0.8031060606060606, 0.8041818181818181]
3: [0.7576515151515153, 0.8031060606060607, 0.8231060606060606, 0.8031060606060607, 0.8031060606060606, 0.7980151515151517]
4: [0.8022727272727272, 0.8031060606060607, 0.8212121212121213, 0.8231060606060606, 0.7931060606060607, 0.8085606060606061]
5: [0.8022727272727272, 0.7931060606060607, 0.833939393939394, 0.8231060606060606, 0.7931060606060607, 0.8091060606060607]
6: [0.8131060606060606, 0.7931060606060607, 0.8539393939393939, 0.8231060606060606, 0.8022727272727272, 0.8171060606060607]
7: [0.8022727272727272, 0.7931060606060607, 0.8212121212121212, 0.8231060606060606, 0.8031060606060606, 0.8085606060606061]
8: [0.7822727272727272, 0.7722727272727273, 0.8231060606060606, 0.8231060606060606, 0.8031060606060606, 0.8007727272727273]
0: [0.7557575757575757, 0.7465909090909091, 0.689469696969697, 0.7684848484848485, 0.7576515151515151, 0.7435909090909091]
1: [0.7776515151515151, 0.7793181818181818, 0.7776515151515151, 0.7884848484848486, 0.7676515151515151, 0.7781515151515151]
2: [0.7568181818181818, 0.813939393939394, 0.833939393939394, 0.823939393939394, 0.8031060606060606, 0.8063484848484848]
3: [0.7576515151515153, 0.8031060606060607, 0.7903787878787879, 0.8031060606060607, 0.8031060606060606, 0.791469696969697]
4: [0.8022727272727272, 0.8031060606060607, 0.8112121212121213, 0.8231060606060606, 0.7931060606060607, 0.8065606060606061]
5: [0.8022727272727272, 0.7931060606060607, 0.8012121212121213, 0.8231060606060606, 0.7931060606060607, 0.8025606060606061]
6: [0.8131060606060606, 0.7931060606060607, 0.8539393939393939, 0.8231060606060606, 0.7922727272727272, 0.8151060606060607]
7: [0.8022727272727272, 0.7931060606060607, 0.8212121212121212, 0.8231060606060606, 0.7931060606060607, 0.8065606060606061]
8: [0.7822727272727272, 0.7931060606060607, 0.8439393939393939, 0.8231060606060606, 0.8031060606060606, 0.8091060606060607]
0: [0.7557575757575757, 0.7465909090909091, 0.7003030303030303, 0.7684848484848485, 0.7476515151515151, 0.7437575757575757]
1: [0.7549242424242424, 0.7793181818181818, 0.7984848484848486, 0.7884848484848486, 0.7676515151515151, 0.7777727272727273]
2: [0.7568181818181818, 0.7684848484848485, 0.8547727272727272, 0.823939393939394, 0.823939393939394, 0.8055909090909091]
3: [0.7576515151515153, 0.813939393939394, 0.7903787878787879, 0.823939393939394, 0.8031060606060606, 0.7978030303030305]
4: [0.8022727272727272, 0.8031060606060607, 0.8112121212121213, 0.8231060606060606, 0.7931060606060607, 0.8065606060606061]
5: [0.8022727272727272, 0.7931060606060607, 0.8012121212121213, 0.8231060606060606, 0.8031060606060607, 0.8045606060606062]
6: [0.8131060606060606, 0.7931060606060607, 0.8539393939393939, 0.8231060606060606, 0.7922727272727272, 0.8151060606060607]
7: [0.8022727272727272, 0.7931060606060607, 0.8212121212121212, 0.8231060606060606, 0.7931060606060607, 0.8065606060606061]
8: [0.7822727272727272, 0.7931060606060607, 0.8439393939393939, 0.8231060606060606, 0.7931060606060607, 0.8071060606060607]
0: [0.7765909090909091, 0.7365909090909091, 0.7103030303030303, 0.7684848484848485, 0.7476515151515151, 0.7479242424242425]
1: [0.796590909090909, 0.7793181818181818, 0.7984848484848486, 0.7884848484848486, 0.7576515151515151, 0.7841060606060605]
2: [0.7568181818181818, 0.7684848484848485, 0.7984848484848486, 0.823939393939394, 0.7784848484848486, 0.7852424242424243]
3: [0.7576515151515153, 0.813939393939394, 0.7903787878787879, 0.823939393939394, 0.8031060606060606, 0.7978030303030305]
4: [0.7468181818181818, 0.7931060606060607, 0.8112121212121213, 0.823939393939394, 0.7931060606060607, 0.7936363636363637]
5: [0.7922727272727272, 0.7931060606060607, 0.8012121212121213, 0.843939393939394, 0.7931060606060607, 0.8047272727272727]
6: [0.8031060606060607, 0.7931060606060607, 0.8439393939393939, 0.8231060606060606, 0.7922727272727272, 0.8111060606060606]
7: [0.8022727272727272, 0.7931060606060607, 0.8212121212121212, 0.8231060606060606, 0.7931060606060607, 0.8065606060606061]
8: [0.7922727272727272, 0.7931060606060607, 0.8439393939393939, 0.8231060606060606, 0.7931060606060607, 0.8091060606060607]
0: [0.7557575757575757, 0.7365909090909091, 0.7103030303030303, 0.7457575757575757, 0.7249242424242424, 0.7346666666666666]
1: [0.796590909090909, 0.7584848484848485, 0.7984848484848486, 0.7884848484848486, 0.7576515151515151, 0.7799393939393939]
2: [0.734090909090909, 0.7793181818181818, 0.7984848484848486, 0.7784848484848486, 0.7884848484848486, 0.7757727272727272]
3: [0.7676515151515151, 0.7893181818181818, 0.8212121212121213, 0.823939393939394, 0.823939393939394, 0.8052121212121213]
4: [0.7468181818181818, 0.813939393939394, 0.8220454545454546, 0.823939393939394, 0.7931060606060607, 0.799969696969697]
5: [0.7922727272727272, 0.7931060606060607, 0.8112121212121213, 0.843939393939394, 0.7931060606060607, 0.8067272727272726]
6: [0.8031060606060607, 0.7931060606060607, 0.8439393939393939, 0.8231060606060606, 0.7822727272727272, 0.8091060606060607]
7: [0.8022727272727272, 0.7831060606060607, 0.8112121212121213, 0.8231060606060606, 0.7931060606060607, 0.8025606060606061]
8: [0.7922727272727272, 0.7931060606060607, 0.823939393939394, 0.8231060606060606, 0.7931060606060607, 0.8051060606060606]
0: [0.7457575757575757, 0.7365909090909091, 0.7103030303030303, 0.7457575757575757, 0.7249242424242424, 0.7326666666666666]
1: [0.796590909090909, 0.7484848484848485, 0.753030303030303, 0.7884848484848486, 0.7576515151515151, 0.7688484848484848]
2: [0.7549242424242424, 0.7693181818181818, 0.7984848484848486, 0.7784848484848486, 0.7676515151515151, 0.7737727272727273]
3: [0.7676515151515151, 0.7893181818181818, 0.7757575757575758, 0.823939393939394, 0.8031060606060606, 0.7919545454545454]
4: [0.7468181818181818, 0.8347727272727273, 0.8220454545454546, 0.823939393939394, 0.7931060606060607, 0.8041363636363636]
5: [0.7922727272727272, 0.8347727272727273, 0.8220454545454545, 0.843939393939394, 0.7931060606060607, 0.8172272727272727]
6: [0.8031060606060607, 0.813939393939394, 0.8439393939393939, 0.843939393939394, 0.7822727272727272, 0.8174393939393939]
7: [0.7922727272727272, 0.803939393939394, 0.8112121212121213, 0.843939393939394, 0.7931060606060607, 0.8088939393939393]
8: [0.7922727272727272, 0.813939393939394, 0.823939393939394, 0.8231060606060606, 0.7931060606060607, 0.8092727272727274]
0: [0.7457575757575757, 0.7057575757575757, 0.7103030303030303, 0.7457575757575757, 0.7249242424242424, 0.7264999999999999]
1: [0.796590909090909, 0.7257575757575757, 0.753030303030303, 0.7884848484848486, 0.7476515151515151, 0.7623030303030303]
2: [0.7757575757575758, 0.7693181818181818, 0.7984848484848486, 0.7784848484848486, 0.7676515151515151, 0.7779393939393939]
3: [0.7657575757575757, 0.7793181818181818, 0.7757575757575758, 0.823939393939394, 0.8131060606060606, 0.7915757575757575]
4: [0.7468181818181818, 0.7893181818181818, 0.8220454545454546, 0.823939393939394, 0.813939393939394, 0.7992121212121213]
5: [0.7468181818181818, 0.8347727272727273, 0.8220454545454545, 0.843939393939394, 0.7931060606060607, 0.8081363636363635]
6: [0.8031060606060607, 0.8347727272727273, 0.8547727272727272, 0.843939393939394, 0.7822727272727272, 0.8237727272727273]
7: [0.7922727272727272, 0.803939393939394, 0.8320454545454545, 0.843939393939394, 0.7931060606060607, 0.813060606060606]
8: [0.7922727272727272, 0.813939393939394, 0.823939393939394, 0.843939393939394, 0.7931060606060607, 0.813439393939394]
0: [0.7257575757575757, 0.683030303030303, 0.7103030303030303, 0.7557575757575757, 0.7249242424242425, 0.7199545454545455]
1: [0.796590909090909, 0.7157575757575757, 0.743030303030303, 0.7884848484848486, 0.7376515151515153, 0.7563030303030304]
2: [0.7757575757575758, 0.7693181818181818, 0.7784848484848486, 0.7784848484848486, 0.7576515151515151, 0.7719393939393939]
3: [0.7657575757575757, 0.7793181818181818, 0.7757575757575758, 0.7784848484848486, 0.7676515151515151, 0.7733939393939394]
4: [0.734090909090909, 0.7893181818181818, 0.7765909090909091, 0.823939393939394, 0.8347727272727273, 0.7917424242424242]
5: [0.7468181818181818, 0.8347727272727273, 0.8220454545454545, 0.843939393939394, 0.7931060606060607, 0.8081363636363635]
6: [0.8031060606060607, 0.8347727272727273, 0.8447727272727272, 0.843939393939394, 0.7822727272727272, 0.8217727272727273]
7: [0.7922727272727272, 0.8247727272727273, 0.8220454545454545, 0.843939393939394, 0.7931060606060607, 0.8152272727272727]
8: [0.7922727272727272, 0.803939393939394, 0.8447727272727272, 0.843939393939394, 0.7931060606060607, 0.8156060606060607]
0: [0.7057575757575757, 0.693030303030303, 0.7103030303030303, 0.7557575757575757, 0.7249242424242425, 0.7179545454545455]
1: [0.7757575757575758, 0.7157575757575757, 0.753030303030303, 0.7684848484848485, 0.7376515151515153, 0.7501363636363637]
2: [0.7757575757575758, 0.7693181818181818, 0.733030303030303, 0.7784848484848486, 0.7576515151515151, 0.7628484848484849]
3: [0.786590909090909, 0.7793181818181818, 0.7757575757575758, 0.7784848484848486, 0.7676515151515151, 0.7775606060606061]
4: [0.734090909090909, 0.7893181818181818, 0.7765909090909091, 0.823939393939394, 0.8347727272727273, 0.7917424242424242]
5: [0.7368181818181818, 0.7693181818181818, 0.8320454545454545, 0.843939393939394, 0.7931060606060607, 0.7950454545454544]
6: [0.8031060606060607, 0.8347727272727273, 0.8447727272727272, 0.833939393939394, 0.7822727272727272, 0.8197727272727274]
7: [0.7922727272727272, 0.8247727272727273, 0.8220454545454545, 0.843939393939394, 0.813939393939394, 0.8193939393939396]
8: [0.7922727272727272, 0.8147727272727273, 0.8447727272727272, 0.843939393939394, 0.813939393939394, 0.8219393939393939]
0: [0.7057575757575757, 0.683030303030303, 0.7103030303030303, 0.7557575757575757, 0.7249242424242425, 0.7159545454545455]
1: [0.7657575757575757, 0.7057575757575757, 0.753030303030303, 0.7684848484848485, 0.7376515151515153, 0.7461363636363637]
2: [0.7757575757575758, 0.7484848484848485, 0.733030303030303, 0.7684848484848485, 0.7476515151515151, 0.7546818181818182]
3: [0.786590909090909, 0.7465909090909091, 0.7757575757575758, 0.7784848484848486, 0.7884848484848486, 0.7751818181818183]
4: [0.7657575757575757, 0.7893181818181818, 0.786590909090909, 0.7784848484848486, 0.8447727272727272, 0.7929848484848485]
5: [0.7140909090909091, 0.7693181818181818, 0.786590909090909, 0.833939393939394, 0.813939393939394, 0.7835757575757576]
6: [0.7576515151515153, 0.7893181818181818, 0.8447727272727272, 0.833939393939394, 0.8031060606060606, 0.8057575757575757]
7: [0.7922727272727272, 0.7793181818181818, 0.8220454545454545, 0.843939393939394, 0.813939393939394, 0.8103030303030302]
8: [0.7922727272727272, 0.8147727272727273, 0.8447727272727272, 0.843939393939394, 0.813939393939394, 0.8219393939393939]
0: [0.7057575757575757, 0.663030303030303, 0.7103030303030303, 0.7557575757575757, 0.7149242424242425, 0.7099545454545455]
1: [0.7657575757575757, 0.6857575757575757, 0.743030303030303, 0.7457575757575757, 0.7149242424242425, 0.7310454545454544]
2: [0.7757575757575758, 0.7157575757575757, 0.733030303030303, 0.7684848484848485, 0.7684848484848485, 0.7523030303030304]
3: [0.786590909090909, 0.7465909090909091, 0.753030303030303, 0.7784848484848486, 0.7684848484848485, 0.7666363636363636]
4: [0.7449242424242424, 0.7693181818181818, 0.7765909090909091, 0.7784848484848486, 0.7993181818181818, 0.7737272727272727]
5: [0.724090909090909, 0.7693181818181818, 0.786590909090909, 0.7884848484848486, 0.813939393939394, 0.7764848484848484]
6: [0.724090909090909, 0.7893181818181818, 0.8193181818181818, 0.833939393939394, 0.823939393939394, 0.798121212121212]
7: [0.7922727272727272, 0.7693181818181818, 0.8220454545454545, 0.833939393939394, 0.813939393939394, 0.8063030303030303]
8: [0.7922727272727272, 0.7693181818181818, 0.8447727272727272, 0.843939393939394, 0.813939393939394, 0.8128484848484849]
0: [0.7057575757575757, 0.653030303030303, 0.7103030303030303, 0.7557575757575757, 0.7149242424242425, 0.7079545454545454]
1: [0.7657575757575757, 0.6757575757575757, 0.743030303030303, 0.7457575757575757, 0.7249242424242425, 0.7310454545454546]
2: [0.7757575757575758, 0.7157575757575757, 0.733030303030303, 0.7584848484848485, 0.7684848484848485, 0.7503030303030304]
3: [0.786590909090909, 0.7465909090909091, 0.753030303030303, 0.7684848484848485, 0.7584848484848485, 0.7626363636363637]
4: [0.7449242424242424, 0.7693181818181818, 0.7765909090909091, 0.7784848484848486, 0.7993181818181818, 0.7737272727272727]
5: [0.7449242424242424, 0.7693181818181818, 0.7765909090909091, 0.7784848484848486, 0.813939393939394, 0.7766515151515152]
6: [0.724090909090909, 0.7893181818181818, 0.8193181818181818, 0.833939393939394, 0.823939393939394, 0.798121212121212]
7: [0.7922727272727272, 0.7693181818181818, 0.796590909090909, 0.833939393939394, 0.823939393939394, 0.8032121212121212]
8: [0.7922727272727272, 0.7693181818181818, 0.8220454545454545, 0.843939393939394, 0.7931060606060607, 0.8041363636363636]
0: [0.6857575757575757, 0.653030303030303, 0.7003030303030303, 0.7557575757575757, 0.7149242424242425, 0.7019545454545455]
1: [0.7657575757575757, 0.6757575757575757, 0.743030303030303, 0.7457575757575757, 0.7457575757575757, 0.7352121212121212]
2: [0.7549242424242424, 0.6957575757575757, 0.733030303030303, 0.7584848484848485, 0.7684848484848485, 0.7421363636363637]
3: [0.7657575757575757, 0.7465909090909091, 0.763030303030303, 0.7684848484848485, 0.7584848484848485, 0.760469696969697]
4: [0.7449242424242424, 0.7693181818181818, 0.733030303030303, 0.7784848484848486, 0.7584848484848485, 0.7568484848484849]
5: [0.7449242424242424, 0.7593181818181818, 0.7765909090909091, 0.7784848484848486, 0.7684848484848485, 0.7655606060606062]
6: [0.7449242424242424, 0.7793181818181818, 0.796590909090909, 0.7884848484848486, 0.833939393939394, 0.7886515151515152]
7: [0.724090909090909, 0.7693181818181818, 0.796590909090909, 0.833939393939394, 0.823939393939394, 0.7895757575757575]
8: [0.7922727272727272, 0.7693181818181818, 0.776590909090909, 0.833939393939394, 0.813939393939394, 0.7972121212121211]
0: [0.6649242424242424, 0.653030303030303, 0.7003030303030303, 0.7665909090909091, 0.6921969696969698, 0.6954090909090909]
1: [0.7657575757575757, 0.6857575757575757, 0.753030303030303, 0.7657575757575757, 0.7357575757575757, 0.7412121212121212]
2: [0.7449242424242424, 0.6857575757575757, 0.743030303030303, 0.7357575757575757, 0.7457575757575757, 0.7310454545454546]
3: [0.7557575757575757, 0.7238636363636364, 0.753030303030303, 0.7684848484848485, 0.7584848484848485, 0.7519242424242425]
4: [0.7349242424242424, 0.7693181818181818, 0.723030303030303, 0.7684848484848485, 0.7584848484848485, 0.7508484848484848]
5: [0.7449242424242424, 0.7593181818181818, 0.7538636363636364, 0.7784848484848486, 0.7784848484848486, 0.7630151515151514]
6: [0.7449242424242424, 0.7793181818181818, 0.7738636363636363, 0.7784848484848486, 0.833939393939394, 0.7821060606060606]
7: [0.7449242424242424, 0.7693181818181818, 0.7738636363636363, 0.7884848484848486, 0.823939393939394, 0.7801060606060606]
8: [0.7695454545454545, 0.7484848484848485, 0.786590909090909, 0.833939393939394, 0.823939393939394, 0.7925000000000001]
0: [0.609469696969697, 0.643030303030303, 0.7003030303030303, 0.7665909090909091, 0.6921969696969698, 0.6823181818181818]
1: [0.7657575757575757, 0.6657575757575758, 0.743030303030303, 0.7557575757575757, 0.7149242424242425, 0.7290454545454546]
2: [0.7449242424242424, 0.6557575757575758, 0.743030303030303, 0.7357575757575757, 0.7357575757575757, 0.7230454545454545]
3: [0.7349242424242424, 0.683030303030303, 0.753030303030303, 0.7684848484848485, 0.7584848484848485, 0.7395909090909092]
4: [0.7349242424242424, 0.7465909090909091, 0.723030303030303, 0.7684848484848485, 0.7584848484848485, 0.7463030303030302]
5: [0.7449242424242424, 0.7593181818181818, 0.7438636363636364, 0.7684848484848485, 0.7584848484848485, 0.7550151515151515]
6: [0.7449242424242424, 0.7793181818181818, 0.7638636363636363, 0.7784848484848486, 0.7884848484848486, 0.7710151515151515]
7: [0.7449242424242424, 0.7693181818181818, 0.7738636363636363, 0.7884848484848486, 0.823939393939394, 0.7801060606060606]
8: [0.7449242424242424, 0.7484848484848485, 0.7738636363636363, 0.7884848484848486, 0.823939393939394, 0.7759393939393939]
0: [0.599469696969697, 0.6303030303030303, 0.6775757575757576, 0.7665909090909091, 0.6821969696969697, 0.6712272727272727]
1: [0.7457575757575757, 0.6657575757575758, 0.723030303030303, 0.7557575757575757, 0.7149242424242425, 0.7210454545454545]
2: [0.7449242424242424, 0.6557575757575758, 0.743030303030303, 0.7357575757575757, 0.7357575757575757, 0.7230454545454545]
3: [0.7249242424242425, 0.683030303030303, 0.743030303030303, 0.7584848484848485, 0.7357575757575757, 0.7290454545454546]
4: [0.7249242424242424, 0.7257575757575757, 0.723030303030303, 0.7684848484848485, 0.7584848484848485, 0.7401363636363637]
5: [0.7449242424242424, 0.7365909090909091, 0.7438636363636364, 0.7684848484848485, 0.7584848484848485, 0.7504696969696971]
6: [0.7349242424242424, 0.7693181818181818, 0.7638636363636363, 0.7684848484848485, 0.7784848484848486, 0.7630151515151515]
7: [0.7549242424242424, 0.7484848484848485, 0.7638636363636363, 0.7884848484848486, 0.7684848484848485, 0.7648484848484849]
8: [0.7449242424242424, 0.7484848484848485, 0.7738636363636363, 0.7884848484848486, 0.823939393939394, 0.7759393939393939]
0: [0.609469696969697, 0.6203030303030304, 0.6775757575757576, 0.7457575757575757, 0.6621969696969697, 0.6630606060606061]
1: [0.7357575757575757, 0.6657575757575758, 0.713030303030303, 0.7457575757575757, 0.7149242424242425, 0.7150454545454544]
2: [0.7449242424242424, 0.6557575757575758, 0.743030303030303, 0.7357575757575757, 0.7357575757575757, 0.7230454545454545]
3: [0.7249242424242425, 0.683030303030303, 0.743030303030303, 0.7357575757575757, 0.7357575757575757, 0.7245]
4: [0.7249242424242424, 0.7157575757575757, 0.733030303030303, 0.7684848484848485, 0.7357575757575757, 0.7355909090909091]
5: [0.7349242424242424, 0.7365909090909091, 0.7438636363636364, 0.7684848484848485, 0.7584848484848485, 0.7484696969696969]
6: [0.7349242424242424, 0.703030303030303, 0.733030303030303, 0.7684848484848485, 0.7684848484848485, 0.7415909090909091]
7: [0.7449242424242424, 0.7484848484848485, 0.7538636363636363, 0.7684848484848485, 0.7684848484848485, 0.7568484848484849]
8: [0.7349242424242424, 0.7484848484848485, 0.7738636363636363, 0.7884848484848486, 0.813939393939394, 0.7719393939393939]
0: [0.599469696969697, 0.6203030303030304, 0.6775757575757576, 0.703030303030303, 0.6621969696969697, 0.6525151515151515]
1: [0.7149242424242425, 0.6557575757575758, 0.713030303030303, 0.7357575757575757, 0.7149242424242425, 0.7068787878787879]
2: [0.7349242424242424, 0.6457575757575758, 0.723030303030303, 0.7257575757575757, 0.7357575757575757, 0.7130454545454545]
3: [0.7049242424242425, 0.683030303030303, 0.743030303030303, 0.7457575757575757, 0.7357575757575757, 0.7224999999999999]
4: [0.7249242424242424, 0.7257575757575757, 0.723030303030303, 0.7457575757575757, 0.7357575757575757, 0.7310454545454546]
5: [0.7349242424242424, 0.7038636363636364, 0.7438636363636364, 0.7684848484848485, 0.7357575757575757, 0.7373787878787879]
6: [0.7349242424242424, 0.703030303030303, 0.733030303030303, 0.7684848484848485, 0.7584848484848485, 0.7395909090909092]
7: [0.7449242424242424, 0.7257575757575757, 0.7538636363636363, 0.7584848484848485, 0.7584848484848485, 0.7483030303030305]
8: [0.7449242424242424, 0.7484848484848485, 0.7538636363636363, 0.7684848484848485, 0.7684848484848485, 0.7568484848484849]
0: [0.599469696969697, 0.6203030303030304, 0.6575757575757576, 0.693030303030303, 0.6621969696969697, 0.6465151515151515]
1: [0.7149242424242425, 0.6557575757575758, 0.6903030303030303, 0.7357575757575757, 0.7049242424242425, 0.7003333333333334]
2: [0.7249242424242425, 0.6457575757575758, 0.713030303030303, 0.7357575757575757, 0.7257575757575757, 0.7090454545454545]
3: [0.6949242424242424, 0.673030303030303, 0.743030303030303, 0.7257575757575757, 0.7357575757575757, 0.7144999999999999]
4: [0.7049242424242425, 0.7257575757575757, 0.723030303030303, 0.7357575757575757, 0.7257575757575757, 0.7230454545454545]
5: [0.7349242424242424, 0.7138636363636364, 0.723030303030303, 0.7357575757575757, 0.7357575757575757, 0.7286666666666667]
6: [0.7349242424242424, 0.693030303030303, 0.733030303030303, 0.7584848484848485, 0.7357575757575757, 0.7310454545454544]
7: [0.7449242424242424, 0.7157575757575757, 0.7538636363636363, 0.7584848484848485, 0.7357575757575757, 0.7417575757575757]
8: [0.7449242424242424, 0.7357575757575757, 0.7538636363636363, 0.7684848484848485, 0.7584848484848485, 0.7523030303030304]
0: [0.589469696969697, 0.6203030303030304, 0.6175757575757576, 0.683030303030303, 0.6521969696969697, 0.6325151515151516]
1: [0.7049242424242425, 0.6657575757575757, 0.6803030303030303, 0.7357575757575757, 0.7049242424242425, 0.6983333333333334]
2: [0.7249242424242425, 0.6457575757575758, 0.713030303030303, 0.7257575757575757, 0.6849242424242424, 0.6988787878787879]
3: [0.6949242424242424, 0.663030303030303, 0.733030303030303, 0.7257575757575757, 0.7357575757575757, 0.7104999999999999]
4: [0.6949242424242424, 0.6949242424242424, 0.713030303030303, 0.7357575757575757, 0.7357575757575757, 0.7148787878787879]
5: [0.7249242424242424, 0.7138636363636364, 0.723030303030303, 0.7357575757575757, 0.7257575757575757, 0.7246666666666666]
6: [0.7349242424242424, 0.703030303030303, 0.733030303030303, 0.7357575757575757, 0.7357575757575757, 0.7285]
7: [0.7449242424242424, 0.7057575757575757, 0.7538636363636363, 0.7584848484848485, 0.7357575757575757, 0.7397575757575757]
8: [0.7449242424242424, 0.7257575757575757, 0.7538636363636363, 0.7684848484848485, 0.7357575757575757, 0.7457575757575758]
0: [0.5667424242424243, 0.6003030303030303, 0.5867424242424243, 0.663030303030303, 0.5867424242424243, 0.6007121212121213]
1: [0.7049242424242425, 0.6330303030303029, 0.6475757575757576, 0.7357575757575757, 0.7049242424242425, 0.6852424242424242]
2: [0.7249242424242425, 0.623030303030303, 0.693030303030303, 0.6957575757575757, 0.6849242424242424, 0.6843333333333333]
3: [0.6849242424242424, 0.663030303030303, 0.733030303030303, 0.7257575757575757, 0.7257575757575757, 0.7064999999999999]
4: [0.6621969696969697, 0.6521969696969697, 0.713030303030303, 0.7257575757575757, 0.7357575757575757, 0.6977878787878787]
5: [0.6949242424242424, 0.693030303030303, 0.713030303030303, 0.7357575757575757, 0.7257575757575757, 0.7125]
6: [0.7049242424242425, 0.703030303030303, 0.733030303030303, 0.7357575757575757, 0.7357575757575757, 0.7225]
7: [0.7449242424242424, 0.7157575757575757, 0.7538636363636363, 0.7357575757575757, 0.7357575757575757, 0.7372121212121212]
8: [0.7449242424242424, 0.7257575757575757, 0.7538636363636363, 0.7457575757575757, 0.7357575757575757, 0.7412121212121212]
0: [0.5467424242424243, 0.6003030303030303, 0.5867424242424243, 0.6303030303030303, 0.5767424242424243, 0.5881666666666667]
1: [0.6849242424242424, 0.6330303030303029, 0.6375757575757576, 0.7257575757575757, 0.6721969696969697, 0.6706969696969697]
2: [0.7249242424242425, 0.623030303030303, 0.693030303030303, 0.6957575757575757, 0.6849242424242424, 0.6843333333333333]
3: [0.6421969696969697, 0.663030303030303, 0.723030303030303, 0.7257575757575757, 0.7157575757575757, 0.6939545454545455]
4: [0.6621969696969697, 0.6521969696969697, 0.703030303030303, 0.7257575757575757, 0.7057575757575757, 0.6897878787878787]
5: [0.6949242424242424, 0.683030303030303, 0.713030303030303, 0.7257575757575757, 0.7257575757575757, 0.7084999999999999]
6: [0.6949242424242424, 0.703030303030303, 0.713030303030303, 0.7457575757575757, 0.7357575757575757, 0.7184999999999999]
7: [0.7349242424242424, 0.693030303030303, 0.7438636363636364, 0.7457575757575757, 0.7257575757575757, 0.7286666666666666]
8: [0.7349242424242424, 0.7157575757575757, 0.733030303030303, 0.723030303030303, 0.7357575757575757, 0.7285]
0: [0.5467424242424243, 0.5775757575757576, 0.5459090909090909, 0.6103030303030303, 0.5540151515151515, 0.566909090909091]
1: [0.6621969696969697, 0.623030303030303, 0.6275757575757576, 0.7057575757575757, 0.639469696969697, 0.6516060606060605]
2: [0.7349242424242425, 0.613030303030303, 0.683030303030303, 0.6857575757575757, 0.6749242424242424, 0.6783333333333333]
3: [0.6321969696969697, 0.6403030303030303, 0.6921969696969698, 0.7157575757575757, 0.673030303030303, 0.6706969696969697]
4: [0.6521969696969697, 0.6521969696969697, 0.6821969696969697, 0.7257575757575757, 0.6857575757575757, 0.6796212121212121]
5: [0.6849242424242424, 0.6321969696969697, 0.693030303030303, 0.7257575757575757, 0.7057575757575757, 0.6883333333333332]
6: [0.6849242424242424, 0.6821969696969697, 0.713030303030303, 0.7457575757575757, 0.7457575757575757, 0.7143333333333333]
7: [0.7249242424242425, 0.683030303030303, 0.7338636363636364, 0.7557575757575757, 0.7157575757575757, 0.7226666666666667]
8: [0.7249242424242425, 0.693030303030303, 0.713030303030303, 0.733030303030303, 0.7357575757575757, 0.7199545454545454]
0: [0.5267424242424242, 0.5375757575757576, 0.5259090909090909, 0.6003030303030303, 0.5440151515151515, 0.5469090909090909]
1: [0.639469696969697, 0.623030303030303, 0.6175757575757576, 0.7057575757575757, 0.629469696969697, 0.6430606060606061]
2: [0.7021969696969698, 0.613030303030303, 0.683030303030303, 0.6857575757575757, 0.6421969696969697, 0.6652424242424242]
3: [0.6421969696969697, 0.6175757575757576, 0.6921969696969698, 0.7157575757575757, 0.629469696969697, 0.659439393939394]
4: [0.6521969696969697, 0.6321969696969697, 0.6721969696969697, 0.7157575757575757, 0.6857575757575757, 0.6716212121212121]
5: [0.6849242424242424, 0.6321969696969697, 0.6621969696969697, 0.7357575757575757, 0.7057575757575757, 0.6841666666666667]
6: [0.6849242424242424, 0.6821969696969697, 0.6821969696969697, 0.7457575757575757, 0.7457575757575757, 0.7081666666666666]
7: [0.6849242424242424, 0.683030303030303, 0.6921969696969698, 0.733030303030303, 0.7257575757575757, 0.7037878787878787]
8: [0.7049242424242425, 0.693030303030303, 0.703030303030303, 0.723030303030303, 0.7257575757575757, 0.7099545454545455]
0: [0.5059090909090909, 0.4848484848484848, 0.4850757575757576, 0.5594696969696971, 0.5140151515151514, 0.5098636363636363]
1: [0.619469696969697, 0.5803030303030303, 0.5567424242424243, 0.683030303030303, 0.619469696969697, 0.6118030303030303]
2: [0.6821969696969697, 0.603030303030303, 0.6421969696969697, 0.6857575757575757, 0.609469696969697, 0.6445303030303029]
3: [0.6221969696969697, 0.5967424242424243, 0.6921969696969698, 0.6957575757575757, 0.629469696969697, 0.6472727272727272]
4: [0.6621969696969697, 0.6113636363636363, 0.6721969696969697, 0.7157575757575757, 0.6403030303030303, 0.6603636363636364]
5: [0.6949242424242424, 0.6321969696969697, 0.6621969696969697, 0.7257575757575757, 0.6957575757575757, 0.6821666666666666]
6: [0.6749242424242424, 0.6521969696969697, 0.6721969696969697, 0.7257575757575757, 0.7257575757575757, 0.6901666666666666]
7: [0.6849242424242424, 0.653030303030303, 0.6821969696969697, 0.723030303030303, 0.7157575757575757, 0.6917878787878788]
8: [0.6949242424242424, 0.703030303030303, 0.6621969696969697, 0.723030303030303, 0.7257575757575757, 0.7017878787878787]


Threshold


[ 0.6   0.61  0.62  0.63  0.64  0.65  0.66  0.67  0.68  0.69  0.7   0.71
  0.72  0.73  0.74  0.75  0.76  0.77  0.78  0.79  0.8   0.81  0.82  0.83
  0.84  0.85  0.86  0.87  0.88  0.89  0.9 ]
